%Lista de Cidades e Localizações

%Centro Geográfico de Portugal - Vila de Rei
v_rei=[39.694547 -8.130569 592];

%Localizações

%Aveiro (Base Aérea)
loc_aveiro=[40.654164 -8.743553 8];
%Beja (Aeroporto)
loc_beja=[38.078889 -7.9325 194];
%Braga (Aeródromo)
loc_braga=[41.586944 -8.445 74];
%Bragança (Aeródromo)
loc_braganca=[41.856667 -6.7075 694];
%Castelo Branco (Praça do Município)
loc_cbranco=[39.823683 -7.491006 400];
%Coimbra (Aeródromo)
loc_coimbra=[40.156111 -8.485833 174];
%Évora (Aeródromo)
loc_evora=[38.529722 -7.891944 246];
%Faro (Aeroporto)
loc_faro=[37.014444 -7.965833 7.5];
%Guarda (Sé)
loc_guarda=[40.538184 -7.269498 1045];
%Leiria (Aeródromo).
loc_leiria=[39.782222 -8.819722 40];
%Lisboa (Aeroporto)
loc_lisboa=[38.774167 -9.134167 114];
%Portalegre (Rossio)
loc_portalegre=[39.295657 -7.430353 453];
%Porto (Aeroporto)
loc_porto=[41.235556 -8.678056 69];
%Santarém (Aeródromo)
loc_santarem=[39.208611 -8.688611 9.23];
%Setúbal (Praça Bocage)
loc_setubal=[38.524258 -8.892705 11];
%Viana do Castelo (Praça da República)
loc_vianaclo=[41.693548 -8.828137 12];
%Vila Real (Aeródromo)
loc_vreal=[41.275556 -7.72 558];
%Viseu (Aeródromo)
loc_viseu=[40.725556 -7.889167 628];